2379
2382
2797
2933
3119
3160
3493
3735
4419
4647
4658
4704
4823
5132
5190
5227
5278
5453
5603
5839
5928
6179
6990
7176
7302
7567
7571
7655
32980
76638
99710
108626
109010
112357
112398
122181
122408
122619
123013
124494
125153
125584
125736
125806
126915
130021
131363
132192
135300
136627
137242
137252
137881
137980
139619
142104
142632
143032
143143
145020
145065
145210
145213
145405
145993
146043
146230
146504
146761
146832
147759
147873
147927
148215
148635
149361
150421
151138
151308
151889
151910
151987
152185
153588
154065
154922
155350
155378
155634
162587
163081
163457
164301
164660
166126
166772
168873
169152
169582
169775
169955
171175
171223
172178
172841
172965
173276
173742
174949
175565
176062
177231
177846
179570
182115
182778
183839
186894
187611
187743
188511
188841
189561
189915
189972
190455
190467
190530
191497
191979
192696
193518
194719
194978
195404
195762
195993
196242
196878
196977
197542
197635
198297
198977
201342
203762
203798
205879
212541
214549
214882
215374
215810
216027
216055
216596
218352
218958
222303
226201
226654
230111
231664
236798
238940
240662
243033
243671
245213
248722
251122
253018
253360
254871
257640
259441
259965
270908
271702
271841
272100
272124
273730
273871
273928
273986
274203
274298
275139
275253
277470
278614
280652
282293
291447
299404
308437
308539
311135
312365
313100
315531
316920
318565
319372
322661
324127
332950
333528
334675
334909
340294
340738
343500
344253
347189
348289
353861
355771
356547
368537
369697
373942
377078
378816
394094
394835
396429
406543
414137
414739
441726
465026
478933
491308
494858
501778
505523
516963
520567
524671
533715
543758
543839
546351
550551
556812
560839
599290
622275
622513
627491
628065
634231
636605
641417
650899
652757
652948
653895
664788
672890
672982
673064
673242
673569
677668
683144
698638
707516
718526
736590
736716
745015
747666
748940
752290
752888
758936
768913
786335
789261
791869
795087
807589
817676
822226
840763
857180
861208
865312
868509
873492
881075
893395
899682
909316
916252
922394
924628
941321
944112
959484
971557
973650
990579
997995
1000526
1000531
1001168
1003633
1005402
1010321
1018142
1021302
1023604
1028584
1090061
1122344
1126575
1135487
1193826
1198539
1202749
1202848
1230640
1239552
1247491
1247499
1249840
1254196
1256061
1256249
1256992
1260047
1264685
1270315
1291861
1307336
1309081
1310648
1318179
1320369
1323571
1324004
1342757
1343606
1344684
1362408
1425640
1437894
1487631
15758
15762
15826
15836
22172
22230
22372
22428
22552
22655
24699
24907
25233
25372
25638
25729
26273
27148
27179
27187
27290
28545
28566
28762
29378
29906
30165
31361
33328
33889
33930
33989
34309
34498
35040
35305
35671
35773
35780
35814
36129
36343
36462
36563
36996
38329
38841
39327
39788
40090
40136
40726
42432
43885
45439
46233
46255
46284
46659
47016
47955
48477
49609
50071
50442
50463
50514
51762
53280
54099
54258
54873
55124
55583
55597
56241
59536
59544
59968
60905
60954
63731
65866
66583
66712
67183
67237
67441
67976
67979
68024
68345
68743
69207
73375
73538
73576
73774
74672
75672
76296
78563
85690
86325
88634
90348
90888
95271
95750
95764
95895
95960
96372
97399
97937
98207
98522
101780
105951
109938
110918
115310
115416
117511
118848
119541
120000
120984
123043
123822
124204
130758
132829
134913
135734
136195
138407
138833
139115
142960
143084
144206
146453
148334
149142
150432
152219
154277
155982
156391
160143
161498
174727
177198
177326
178613
178733
178878
181350
184503
187800
189593
195447
196900
197623
197900
200141
201294
203254
204340
212435
212786
216375
216746
217681
218047
219750
221558
222497
225500
235121
236874
240136
240570
240679
246092
248040
250812
250827
253867
254947
260639
261198
262121
262159
263013
265727
267153
267668
267923
269237
269716
270324
270769
273800
280450
283761
285161
289865
289888
290405
291886
292376
294793
304724
304900
315735
316580
321443
321787
326473
326728
334176
334634
343998
345132
345388
345473
345796
347687
363899
364813
365538
374465
376870
377191
378208
378245
392453
404924
408156
419330
421306
427455
433302
454594
463900
464049
464412
464881
468087
475862
478920
489464
489551
513637
513678
515162
517385
523499
533743
537394
538217
538373
543637
544134
545047
545896
560907
563339
565583
568001
571026
571554
573405
585534
590374
592193
595372
597057
604366
607528
607761
610475
611401
611852
623057
626585
627747
637716
639243
640186
646053
647792
651029
652826
657801
661491
673707
676994
677996
678689
678714
679109
680920
693311
699291
774469
775367
777585
816804
852884
859854
863616
878383
889235
930057
1081270
1085018
1109569
1130686
3680
4121
4127
5293
5371
5469
5747
14581
14865
15147
15439
15681
16342
17324
18391
20409
20827
21007
21175
21281
21353
21407
21455
21634
21947
21974
22207
23091
24210
24880
25325
25415
25432
25567
25579
25742
26842
27260
27336
27551
27631
27888
28222
28444
28449
28737
29305
29372
30412
30492
30531
30793
31009
31132
31715
31826
31856
32036
32099
32635
33200
33468
33652
33925
34103
34207
34405
34585
34714
34755
34832
34835
34994
35123
36826
37431
37871
38377
39356
39591
39795
40105
41213
41764
42384
42393
42426
42494
42950
43106
44778
45049
45362
45386
45693
46143
47470
47653
47894
48380
48485
48709
48770
49183
49481
49685
49960
51027
52756
53003
53405
54927
55425
56092
56204
56603
56999
57143
57320
60124
60135
60450
61032
62137
62418
62517
62793
62924
63132
63319
63498
65272
66033
66138
67267
67877
69592
70117
70275
70670
70686
70740
71008
71958
72103
72449
72715
72906
74097
74582
75924
76389
76714
76828
77161
77826
78048
78918
81096
81118
81401
81985
83133
83251
83340
83492
83825
84097
84468
84984
85227
85264
85830
86140
86571
87313
87574
87703
89525
90178
90348
91598
91737
91907
94055
96040
129217
129686
130148
134125
135423
136197
142576
143371
144199
144758
147482
147632
149357
149531
150512
152993
153507
155607
159584
161226
166085
170684
171544
171708
172182
172623
174853
175874
176545
177669
177878
187047
187646
189994
190897
191751
196839
200029
203735
206693
207298
209466
212272
218971
225675
225874
231836
237432
239211
239328
239697
240546
244464
245302
245429
248083
252129
254159
259194
262294
263146
269960
270724
271447
273095
275540
277270
277501
277682
279955
281148
285115
288412
289188
289334
293198
294856
294936
295126
295351
296059
296813
298164
298376
298948
301735
302710
315546
316907
323948
324786
332812
333792
339505
339593
348354
349385
350306
350468
351434
352997
354598
355643
361071
361902
362314
368382
372450
374439
375240
377648
377674
377901
379992
380320
380827
380924
387277
387856
388650
395076
397862
399723
401790
402404
407790
411609
411778
418298
420274
429742
430779
431831
434756
439940
440017
447353
447452
447598
452208
455271
457377
461496
461594
463273
464683
468542
474966
478945
481519
486871
487849
488538
496623
507570
511033
511489
514595
520406
524679
526812
526902
530160
540389
541276
542377
542523
544927
560140
561137
561145
567917
568220
568839
569960
570215
570722
571368
597298
598954
602257
606883
606895
607363
608163
609093
611545
621210
624017
624670
632330
638794
642713
656767
662742
667845
671220
671643
703233
708659
814457
814484
832619
844398
848071
848342
848752
863704
870513
887874
905158
927180
932810
938420
961214
967015
979335
1009925
1047927
1047950
1053451
1062978
1065650
1068719
1089122
1114841
1129345
1132128
1132179
1165987
1170890
1174090
1174555
1191907
1196060
1196352
1225250
1225498
1242826
1256986
1260305
1262395
1268349
1271126
1275085
1304419
1307585
1323273
1323397
1323728
1333214
1336105
1344137
1362980
1364173
1366101
1370341
1417533
1430775
1442811
1455014
1462623
1467870
1483418
1487698
1488915
1526057
1537376
1538463
1553707
1562571
1587586
1617535
1638786
1640346
1646141
1661049
1674552
1682878
1698449
1699645
1710287
1719470
14685
14773
15322
15612
15847
16023
16215
17250
18584
19260
20574
21198
22816
22833
23773
24158
24190
24228
24757
26630
27478
27562
27979
28069
28161
28809
28996
29401
29426
29701
30004
30036
30219
30517
30664
30750
31200
31348
31525
31984
32038
32702
32851
33734
34501
35149
35514
44651
46443
46683
46869
47822
48456
48806
49463
58735
59975
60083
71538
72158
72830
72896
72971
73093
73508
73645
73846
74896
75217
75854
76355
76517
76583
84136
85640
85747
86241
86323
87000
91361
91419
92675
93620
93718
95271
95858
95860
96197
96855
97978
98545
98760
98923
99098
99129
99930
101439
102343
102400
102786
104787
106242
108931
111042
111996
113808
118013
118207
119908
120257
120537
121787
122977
124046
126199
126441
127027
127339
130062
132041
132322
133249
134491
134728
137633
137994
138590
138818
141193
144150
146458
146833
147001
148272
158532
160772
162012
162876
165298
165402
165630
165973
168436
168648
168693
168957
169209
170801
171099
172845
173508
173521
174134
174529
174717
175699
175843
176267
176351
177257
182760
183020
184554
185378
185847
187836
188001
190566
192030
192963
196380
196581
200459
201537
201595
201895
202474
202549
205455
205662
206570
234493
235036
238202
240834
242672
243808
245443
245879
247065
249120
260542
260620
262207
262812
263071
263394
263675
265003
265553
268346
269397
269454
270315
270774
271843
273968
275539
277505
284384
284477
287144
288310
288475
288707
290620
292038
293362
294207
297646
298280
298868
299953
302249
305180
307904
310158
314194
315530
315556
330920
332160
333378
333416
336567
342960
351560
352930
355467
358147
358951
362747
365726
365841
367785
372486
374904
381515
383873
387255
393737
397716
413622
414414
415088
416127
420235
421104
422059
432077
438158
438374
444030
444431
445340
447385
447704
450688
452380
453528
453647
453798
457819
460407
460502
461155
461879
464923
465232
467047
467157
467332
468595
469714
470868
478587
480653
500906
500953
512684
516759
520759
520796
521866
524075
525903
532747
536725
539665
539975
540215
541030
541718
542391
542717
555846
557009
558472
558633
559580
559906
560456
563198
564751
569325
569999
575464
575664
576495
579668
580692
580995
581092
582283
582828
583158
585328
585917
589798
603113
603242
603794
604926
606804
607460
607686
607862
608245
617162
617901
621958
627626
627834
627954
628716
630588
631463
632271
635066
635971
640497
653124
653222
658649
662170
667520
679671
682346
685565
698902
700203
703028
716928
716983
717982
719207
720143
720167
722993
723192
728136
730759
740438
740668
746909
751405
752995
753053
762979
774809
780332
784074
785443
785770
785967
801567
810038
813290
816503
824978
827590
829800
830164
833314
834170
848848
853627
856345
860848
863006
877148
885800
887015
888646
898844
3255
3266
3286
3307
3335
3338
3362
3442
3497
3715
4217
5332
6309
6415
6576
12314
12474
12571
12645
13453
13663
13673
13854
13948
14596
14804
19449
19504
19965
20673
49621
50390
69035
82431
82474
90639
90661
93225
103758
110966
111656
112095
113850
114069
114845
115997
118134
118220
118801
119101
119219
123148
123252
126792
128145
128162
128785
133795
134354
136843
139860
143685
144510
147666
149696
149825
151517
152485
152920
153197
153531
153537
153826
154636
155544
156714
156928
158124
161043
161741
167012
168449
169027
169101
169292
171500
173645
175154
176020
177316
179178
183271
184298
185399
186421
186601
186925
189072
190863
192229
194336
196906
196907
197776
199117
199768
200674
203415
206714
207590
212477
212551
213356
214403
214727
215441
219538
219670
220511
221357
221489
221758
221949
222641
228131
228449
228923
235943
237585
239374
241467
242414
260451
261928
265451
280018
286842
290357
293558
295357
300436
301419
309105
310213
310366
310782
321211
322560
322666
322852
326651
327120
328287
331784
343340
344000
352108
354019
356900
357436
358010
359638
360137
360229
360479
360497
360983
362203
362460
365111
366608
367020
367163
367468
373742
373979
387886
392208
400518
401559
402159
404004
404914
415730
415869
418165
421409
424907
433053
438771
439268
446597
449321
449577
459074
459604
470912
471397
472058
474371
486267
514843
519824
520031
528899
529020
529286
537465
538238
540180
542351
545295
547236
548701
549008
550288
554788
558937
563044
574987
587349
587828
591388
615143
618121
626279
628320
629336
635130
639386
639476
640196
646578
649824
650089
650960
653145
655099
655158
661736
662973
666624
668245
669078
673503
673903
677359
678552
678563
681181
683073
690960
695330
704009
705474
705626
705773
707656
710271
712136
713074
717186
717223
717302
721444
755433
757878
758744
759703
762729
770055
770614
770718
778345
821962
848253
848286
851394
855831
856074
861455
891237
895348
897550
940842
943233
947778
948599
949301
950315
952959
975781
977790
988662
989162
989493
994489
1000048
1000382
1000673
1017286
1017330
1028337
1058175
1061078
1061200
1062005
1064176
1075533
1077874
1080028
1081255
1102499
1104056
1104257
1106065
1119946
1120429
1120468
1123905
1130486
1137310
1147917
1148133
1149576
1150266
1156151
1162077
1163122
1168556
1169381
1178810
1179072
1181164
1187911
1189697
1199244
1203466
1207200
1219124
1219150
1221986
1223346
1223405
1230393
1230525
1258993
1260486
1268901
1274059
1290351
1294666
5574
5870
7255
7325
23702
47785
48203
48393
48436
48960
49015
49026
49097
49112
49374
49664
49701
49778
49895
49898
49980
50001
50114
51199
51259
52252
52282
52480
52816
52925
52939
53038
53060
53335
53436
53535
53672
54353
54529
54548
54557
58570
59438
60064
60498
61033
65302
65318
66736
66795
68246
68327
68816
69501
71639
72392
75663
75769
75933
77145
77288
77949
79591
80741
80918
92730
94238
95563
96082
98162
99040
99099
100123
101171
103326
104193
104653
105460
105461
106245
107684
112158
113516
114562
115160
116071
117764
118159
118198
119381
119486
120263
120336
122121
123896
124134
125917
128174
129070
135153
135158
135568
137731
138000
138189
139120
144912
146200
146822
147109
148813
152145
154556
154923
155610
155685
156152
186819
188057
193010
193084
196255
196373
197061
198267
198280
199697
199804
199900
201935
202997
205839
206296
207722
207771
208525
208668
208792
209941
211645
212084
212532
212844
213785
216766
219191
219425
221083
222560
222784
223708
224023
224377
225516
230009
233678
234534
234702
235223
243113
246011
251564
251605
253051
253639
254859
254891
255236
259592
260051
262467
263547
264773
265779
268664
270936
273821
274480
278963
284916
285202
286977
287298
298147
301966
306979
309140
313641
320957
323151
325570
329108
334134
334428
335626
339086
339130
339917
340738
344352
359122
367672
370515
377266
386026
393104
396373
422182
432909
434554
459556
493920
546139
559808
567977
571302
587762
600120
606134
626272
657177
682832
708307
714794
742477
754644
757312
775230
777706
779137
794256
801000
814262
871758
888406
889888
3678
3749
3953
3993
4121
4180
4191
4204
4945
5106
5679
5943
5973
5986
6227
7764
7773
7914
8150
8184
8377
8431
8535
8566
8626
8999
9114
9361
9603
12223
12344
12410
12445
12522
12650
12767
12876
13179
13308
13555
13797
14076
14392
18659
20114
20362
20882
21058
21438
21525
21531
22030
22037
22442
22475
22673
22882
23002
23171
23180
23333
23775
23788
23833
24358
24472
24555
25056
25634
26555
31376
32370
32597
32669
32788
39058
39132
39312
39366
39508
39746
41018
44316
44348
45415
45904
45956
47381
47449
47923
48381
48607
49448
49872
50279
50693
50714
51806
52113
52427
53827
53927
54103
54149
54894
54968
56812
57418
57885
58281
58576
59006
59235
59277
59419
59475
59533
59679
60449
62244
62499
63147
63193
63434
63674
64166
65069
66320
66345
66718
66768
66854
69281
69352
69556
69690
70044
71822
71984
72643
72723
72872
73051
73826
73868
74185
74471
74889
75367
76029
82880
83096
90709
90942
93214
93984
94077
94296
95127
95649
97926
98348
100170
100830
101414
108145
110056
111876
112976
113035
115783
116346
117663
117961
118806
120331
126046
126655
126835
127942
128176
128262
128447
131558
132665
132814
132996
133648
135656
136381
137302
137393
137528
138790
139325
145643
146676
147545
147895
148111
148383
153922
154119
154700
158933
159006
159057
159144
159681
159899
160013
160145
160167
160390
160484
161425
161536
163221
163443
163936
164080
164217
164246
164285
164971
165833
165937
166222
166988
167314
167632
167992
168170
168781
168961
170822
171666
174379
197895
199014
201635
201961
202748
204251
205902
206440
207124
211186
212006
221883
226237
227635
239485
239919
240653
241240
242627
244744
247188
254185
254315
254469
258726
260181
264398
264651
269155
274232
274594
276134
280146
282362
283202
283948
286676
288483
292107
293424
302112
306583
306933
309513
311377
311752
312820
314025
314557
317988
322747
323285
324360
324484
325145
326378
332581
334154
338117
339441
341815
342525
344376
345186
347796
351051
358635
358882
359100
364123
368497
372049
376658
381816
382100
383294
390075
393700
394988
401211
405110
406333
418658
422596
422686
425941
431228
433810
441199
445177
445729
448372
450445
452516
456888
457009
468288
474313
475849
478481
489885
532691
536707
542520
548117
559401
559827
562937
563867
564448
567564
568616
569574
577231
594867
595836
608570
611043
612492
618550
622681
630436
643226
654566
666246
677501
694919
707546
707915
713563
729377
739525
758868
791477
792307
798501
803035
808279
810635
815731
816202
816718
821913
835328
873635
877471
879037
879300
880018
881234
887994
902460
941467
944701
999721
1001641
1006800
1010613
1016692
1019393
1020479
1057740
1146010
1149428
1151023
1154609
1168940
1169120
1173659
1174047
1179428
1179801
1181707
1183091
1187091
1205399
1206818
1214434
1216249
1225165
1227298
1228502
1234836
1245501
1258073
1265064
1267345
1304288
1314771
1339199
1340002
1340270
1342552
1383743
1384555
1384700
1387032
1392503
1415606
1426858
1446231
1449850
1472437
1586529
1586532
1621147
1641331
1649081
1667954
1669841
1671457
1674448
1689154
1699251
1700735
1701016
1709224
1714296
1726105
1730952
1737543
1740345
1741776
1742066
1742510
1748278
1751885
1779120
1854186
1862481
1883491
1899997
1906869
1911535
1916135
1925368
1937107
1953832
2002182
2037405
2219865
2285896
2298694
2308535
2341323
2452347
2586493
2587643
2603910
2664514
2774415
2777790
2847070
6550
7687
7832
7969
11032
11690
13119
18230
27719
28152
28705
30580
33116
33346
33567
34744
35426
36176
38781
39585
41118
41226
43221
50824
52139
53417
56791
57066
57895
57915
58083
58822
58845
62997
63124
63146
73788
77661
77881
87952
93495
94892
96330
98521
99702
100050
101215
101934
106766
107683
107892
107955
111264
113606
119741
120385
120736
122616
124600
125915
126034
126425
126862
127798
134619
137175
140427
143899
147636
150198
150771
153481
154846
156376
157185
157681
159015
170287
170314
176652
179347
180531
180964
182357
184261
187487
195626
201691
202893
203881
204025
204727
205264
207460
209630
209908
209993
210307
210952
211973
212190
212595
213443
213616
219018
220023
221555
225602
227575
228903
230390
232694
239150
246143
246854
247686
255592
255680
256163
259414
261504
261917
261978
264596
265153
265221
265356
265691
267487
268455
268765
268984
273952
277379
278877
279680
281405
281867
283212
284146
287783
288986
293005
294421
295345
297051
298480
299741
302046
303768
306591
306747
307992
311334
311406
312253
312311
313823
314443
314511
314774
315313
317885
319152
320870
321101
329471
340846
341047
341234
342102
342584
350676
350811
352929
353059
353097
353593
356152
359148
359185
359290
359985
361188
361433
361998
362533
362790
364522
364570
366824
367951
368235
368617
368751
368823
371417
372544
378785
379324
380070
380841
381588
381996
382344
384149
389775
390834
393793
398025
398366
398650
400500
400933
401324
404320
406671
409745
410403
411102
414604
431957
432135
432210
435890
441257
443962
444051
450093
450991
452376
453704
455882
455909
457068
488077
488348
495319
495448
496803
500105
502156
507460
510985
521702
529159
530355
534004
540656
542825
545910
547170
547250
551563
552320
553702
556115
557812
560458
568226
570035
573575
574553
574820
584374
591203
613209
613813
614064
640522
649147
681623
689639
690069
695343
695873
703054
704595
704895
705289
711790
717920
788251
788541
788701
793858
806057
809796
814644
816311
816701
817821
819086
821006
821423
821531
821581
832105
835906
836262
839241
840010
848309
849402
855691
861534
866363
868813
868894
870861
885064
888092
888244
889782
899140
909141
916905
917105
919079
920059
927102
939698
943138
945343
950000
953389
953836
958738
965609
1007300
1031727
1046445
1051939
1065631
1138442
1222206
1261233
1273080
1291704
1326952
1351048
1354562
1359634
1361054
1408850
1436149
1444260
1458010
1460797
1467671
1477699
1478647
1480869
1480873
1494905
1495957
1496623
1530770
1533667
1541099
1546273
1559448
1566555
1570823
1574640
1576537
1593950
1605467
1608118
1640881
1642323
1647368
1647759
1687683
1710044
1751106
1766877
1775188
1775953
1783657
6780
6877
7689
7849
7862
28743
30865
30877
30930
30935
32045
34915
35397
35728
36078
36254
37919
39934
40216
40613
45053
50809
53602
53979
55503
57074
64294
64436
67024
70449
71346
71365
71772
76266
78008
78430
81537
83454
83920
89132
96408
97218
97626
99969
127388
127877
128104
131382
131471
131860
142025
143790
155817
157573
160397
162758
166137
166233
177898
184157
207537
209713
212172
214761
214986
221630
222089
225311
226654
234163
241983
248226
248317
253437
256397
258283
270343
272282
275305
275705
287610
289689
293526
294003
296312
306873
309182
311063
313872
321040
322521
322909
325120
325989
331115
335749
338282
340177
343813
346716
347917
354483
357029
357615
357634
361778
362353
362804
366373
368881
369112
371922
378139
382444
388986
397989
401993
403816
411616
427250
431648
436087
436219
441634
451844
455432
458062
459475
461529
462985
470650
474445
477431
477662
484589
484665
485765
486245
487008
487160
489814
489829
494528
495327
499299
500306
510902
512718
513284
515733
521243
521680
523281
525647
525864
530116
557634
560471
568959
569356
570563
578830
586492
590802
593414
637549
638656
655180
666763
669046
676696
678362
679226
680369
692743
693031
696256
697252
697752
698955
699681
704403
704977
705571
709153
709427
710887
712189
713286
713751
714516
716425
718602
718639
719081
720026
726850
727263
728938
730301
732590
732598
733292
738456
739621
748245
765782
773559
774130
775559
780395
801132
801926
804367
806355
817023
824712
827276
832350
846114
863078
873588
875236
877036
883553
885002
889015
938214
938803
942936
947956
957273
960572
995471
1023087
1042399
1056810
1083876
6402
6407
6427
6429
6432
6595
6615
10642
10706
11394
12430
12907
12956
13000
13444
14426
14649
15032
16078
16277
16897
19068
19696
19833
20186
20594
21866
22340
22620
22964
23083
23785
24484
25517
27322
27455
27923
28214
28457
28717
28838
29075
29449
29624
33302
33679
33697
33757
36256
37276
37519
42995
44993
45746
45760
47467
62311
70262
75853
79774
94298
99043
109134
111094
112858
113716
120819
129393
132519
137255
138275
154703
175049
181015
181281
187272
252867
258698
277005
279140
288180
293619
303977
350919
389948
442565
444874
454584
461120
492254
496161
499010
501285
505557
506423
519794
520430
522169
522959
524751
524818
526015
526974
527221
527479
527976
532156
532964
534273
538271
539177
542622
543431
545011
547414
548693
553600
556226
556898
563267
572770
573185
575285
579999
581225
588524
592398
594469
595595
599011
599114
605192
606423
606613
607519
610844
617421
621113
621197
621329
621709
621897
622278
623530
623900
636240
636638
643465
643720
649093
649411
652255
653263
677201
681515
682424
682696
696552
699093
701017
701610
741503
5122
6938
8393
9938
12828
13813
15043
15557
19044
20924
21816
22141
22550
24077
24247
26116
26141
26427
26940
27368
28350
29180
30301
32401
33750
33998
35363
35855
35928
35966
37544
38008
38377
39508
39914
40201
40737
40869
41166
41487
41608
43509
44521
44580
44944
45033
45129
46198
46255
47161
47422
50169
50359
50552
50857
51127
51220
51768
52998
58225
58291
60240
61496
61724
61818
61852
63824
64256
64667
66819
67557
68691
70409
71259
71527
71710
73304
74048
75297
76157
77591
78584
79271
79420
79442
79693
79733
79771
83004
84051
84319
84616
84701
88413
89060
89816
90373
91386
92599
93343
93632
95438
96343
97405
97556
97631
97840
98320
99375
101154
103308
105146
108601
108685
109293
109465
110487
110490
111154
111416
111455
111777
112363
112839
114694
114953
115415
115763
116978
118660
122694
126401
127384
128817
128850
129454
132567
135692
142755
144151
144514
144630
145962
146137
146316
146812
146970
148651
149265
149882
150119
151183
152272
152861
153958
155548
155683
156040
157432
157627
160721
162692
163951
163983
164723
164786
167603
170692
170945
171164
171950
171999
173112
173381
174463
196772
201445
203587
204634
209977
210372
210947
214635
216253
216285
217783
218010
218076
218931
219345
219580
220014
221274
221625
224428
227791
230680
232554
232584
233361
234184
234579
235048
237265
241307
241402
248846
255516
261377
262046
273475
278633
283149
287120
292976
294414
295688
297316
298248
303599
313426
320986
321016
321515
322018
329994
335320
343226
343613
345557
349524
352043
353646
358455
359838
362271
367359
369752
369882
370159
370251
370332
370571
370996
371299
371310
372037
372603
374101
377032
378246
388445
389396
397948
399012
400294
401402
421745
426729
426890
437341
438193
439556
440270
442204
442994
446578
447950
448267
449278
450739
452012
452471
453941
454904
455811
468858
470720
473263
473488
473859
479301
482308
484271
484965
489268
499215
500597
503825
504365
516764
522167
528870
536031
537038
538862
539749
541021
541753
542813
543356
543899
553275
558453
571117
571665
576890
579349
582513
582816
587134
589292
589736
593781
596927
599924
601286
602225
602516
611731
614656
617632
621883
623838
630834
633793
636991
639963
652020
656230
658001
682465
685178
706529
711603
711889
711912
712394
713463
29960
29966
30004
30366
30429
30453
30982
31225
31324
32221
32237
32601
32708
33826
42099
42110
42330
42452
42474
42835
42838
42898
42964
43042
43464
45013
45449
45754
45815
46175
46639
46648
47318
47338
47882
48231
49244
49672
51688
51736
77769
77778
91094
91121
99076
99199
100212
100276
100277
103400
103858
104159
104716
104750
105295
105374
106325
106480
107336
107639
107740
107936
107961
108167
108363
110724
111046
112203
112373
112399
113393
114041
114251
114283
114392
114766
115862
115951
123866
125165
125897
126195
132083
132677
132964
136664
137067
139145
139253
139352
141590
142446
147225
150786
151238
154741
155529
156355
158077
158550
162110
165959
166509
168600
168734
169269
176665
181917
186511
186624
188720
189295
194719
195840
195909
202414
202740
204413
212309
227829
235859
238629
239455
240584
245050
246244
248931
252343
254830
255040
255096
258715
262182
265147
268023
271721
273328
275866
284244
285373
286518
288560
290568
290788
291627
293213
293225
294051
294914
310543
317270
317435
324850
325852
328021
331283
332046
343275
362726
364464
368601
381624
384447
399700
399703
405766
406383
406410
416489
420511
424476
425849
426328
434870
436632
446729
461686
467187
483388
492880
523245
529055
550908
556177
558571
562187
598257
624873
644158
654328
705742
761907
764101
764193
827639
838557
841801
842132
865262
869420
887949
888434
891188
893125
901694
913379
924108
927143
930783
941376
944060
946263
953195
955810
958387
960999
961893
968945
971006
976053
978257
992969
999676
1004077
1017364
1018190
1021337
1025344
1044497
1047909
1056340
1061336
1064758
1067243
1074536
1076922
1077159
1078532
1078868
1078939
1087163
1091717
1093624
1097929
1113245
1118317
1119976
1126560
1126907
1140929
1142930
1143184
1150722
1151002
1151583
1161742
1163478
1163709
1165366
1185149
1199729
1205596
1214046
1227515
1231792
1234593
1254445
1257878
1265024
1279901
1280276
1280660
1281428
1282101
1293093
1296374
1311888
1315828
1320026
1321809
1324593
1325575
1326075
1330185
1330472
1330964
1331100
1331742
1332607
1336423
1342774
1343307
1346281
1346970
1351812
1352814
1357146
1360469
1360595
1362092
1367161
1367772
1367898
1368440
1369447
1371584
1373678
1377403
1379185
1386030
1398673
1398949
1416078
1423320
1437822
1459446
1461328
1461586
1464059
1464149
1486186
1490167
1490324
1490678
1490753
1491810
1492923
1499709
1503638
1504564
1510093
1516886
1523293
1531557
1532312
1541771
1542578
1547710
1548115
1562775
1590338
1592852
1596252
1603565
1606462
1626448
1651970
1676206
1690860
1694751
1699620
1706924
1709828
1714027
1716183
1726558
1737924
1751640
1766470
1784880
1785330
1794241
1797146
1799689
1845493
1859324
1886917
2001840
2005754
2040560
2043580
2045259
2054909
2074298
2079830
2079934
2086635
2109357
2114722
2115621
2117616
2120753
2121834
2136307
2137363
2138222
2144408
2155394
2155568
2164666
2165281
2166253
2276785
2320200
2331138
2338808
2348479
2351633
2390072
2407099
2449799
2450110
2450375
2481541
2486604
2486772
2490354
2522847
2523644
2531082
2544299
2575141
2577507
2583307
2616479
2652651
2653895
2665345
2680573
2680906
2693741
2706611
2710010
2717418
2749312
2755392
2760174
2765995
2769202
2781466
2787548
2861587
2869773
2871125
2882571
2906732
2933694
2999499
3016292
3016653
3017115
3026346
3035270
3035528
3036636
3041018
3052697
3055288
3059843
3061092
3067511
3071434
3071463
3089977
3093319
3095836
3106707
3123660
3124368
3125957
3128088
3158568
3169279
3170152
3195453
3214714
3216545
3233300
13641
13732
13793
14386
14389
16164
16168
16185
16266
30395
30891
31208
36184
38429
38684
41336
44406
46353
50389
52244
54846
59639
60267
61845
62004
63697
63754
64348
66878
67467
67954
69190
69535
69868
74717
74904
76091
78929
79012
79081
81424
82684
82872
83235
87660
87994
91470
91945
92328
92772
100864
101502
105789
106139
107543
107991
108187
112875
113799
114192
114593
117714
117722
118375
122038
122171
122256
122329
125018
125336
127410
132701
133486
135746
136180
137532
137733
139329
139895
143271
143691
157877
158100
160989
162129
162991
163399
163413
163904
164177
169163
170710
172377
174123
174149
174538
176941
177133
177402
177476
177730
178343
179680
181617
181630
181691
182736
182808
183816
184063
185125
187727
187896
188051
189347
190068
191581
192803
198394
199271
202060
202324
202479
205372
205728
206082
208211
208787
210140
210953
211528
211601
211696
211975
212115
212314
215543
215887
216363
218159
219111
220804
221670
222089
222222
222652
224533
224638
224801
225482
227247
227516
228220
228276
230220
230400
231612
233517
234889
235081
236154
236986
237284
246205
246696
250648
277259
277497
277583
278847
282518
282676
283046
283133
285517
289162
289460
291579
292275
292366
292729
296607
296700
296832
297986
298258
298567
298904
300299
300834
304001
304838
305513
306379
306845
306965
310580
313422
314868
314916
315467
328536
328573
329470
329576
332630
332960
334731
335801
336551
337182
338503
338734
338865
341002
341050
341170
342641
343437
345812
346033
352926
353389
387947
389018
392596
395666
395986
397078
397229
399302
399667
399866
403148
404966
409165
411854
420014
422682
423594
423704
424318
426728
428036
428388
428735
428883
429084
429958
431998
433533
434835
435484
441142
446593
446791
448445
451954
454629
454997
456236
457351
457393
457471
459701
463080
464203
468176
471035
474551
476341
477293
478169
490781
500023
508283
508302
508649
508998
528029
530775
533132
537836
540724
542602
543210
546307
546421
546806
547258
554091
556695
569263
571685
577247
580367
584030
585947
586940
587114
587614
588646
590469
592227
593009
597719
600043
600996
601050
604886
605726
609162
610006
610673
617962
618598
621783
629856
638785
640020
640047
642485
647419
664585
668668
669421
689894
692769
693026
697492
699304
702791
703909
704054
708350
717239
726194
728075
736782
742106
750782
765151
768485
771354
786258
789876
791704
802662
805984
814007
818524
818924
822116
829349
832587
838207
869874
869889
871510
880520
882003
888134
893038
7289
7839
7953
8481
9066
9085
9687
9946
10458
10603
11235
11780
11805
11852
11862
12047
12547
12752
13002
13412
13521
13560
13657
13671
14544
16199
16731
18250
23089
23402
23550
23628
23671
24279
24443
24569
24822
25204
26355
26742
27160
27639
28114
28215
28546
28796
29577
29708
29867
30285
33305
34233
35199
35472
36189
36428
36456
36957
37454
37469
37762
38631
39526
40120
41130
43005
43579
43738
43915
44067
44238
44331
44526
44973
45276
45304
45384
45387
47533
47587
48511
48677
48943
49469
49656
50768
50778
51337
54067
55222
56970
57615
57715
58158
58799
59012
60935
61724
61974
61999
62778
63842
64773
66710
66914
66946
67565
67770
68112
68121
68955
69003
70686
70887
71800
72444
72519
72996
73230
73717
73953
74089
74196
74403
74553
74790
74822
74964
75196
75336
75510
75579
76068
76239
76369
76481
77325
78991
82359
82923
83625
86444
86547
87876
88274
88767
89556
89760
89799
90237
90372
90528
90615
90879
91012
92827
94240
96634
96675
99056
99681
99792
100396
101100
102005
103813
104117
105354
105667
109041
109145
110806
112683
113576
113871
114508
115360
116599
116944
117136
117792
120840
122485
124003
124831
125522
125711
125769
126541
129649
131516
131973
132617
133238
133288
135433
142891
143086
145116
145303
145817
147875
148396
148794
149752
149923
150082
150289
150420
151456
152605
153010
153599
154030
154183
157317
157380
157445
160041
161130
166626
167489
177792
178056
188532
197397
197965
204654
205211
212653
216398
220060
220996
227564
227680
234725
235368
245780
247962
253160
253636
253745
259387
275163
275412
292238
311162
316437
317241
323060
324864
330822
334062
334201
343123
343405
346590
348604
378029
378086
383750
384210
384677
384972
387126
388849
388904
390819
392120
404686
412718
423678
425941
426049
428018
428412
428612
439473
473705
476482
496142
500906
507741
520949
523129
525588
540013
541072
541438
547380
550764
558782
564056
567530
581102
590850
602439
616041
632591
647301
692387
697396
706025
723343
724833
751071
757251
758613
762856
769770
776205
777582
811111
834721
841355
861767
892390
893200
904528
915745
918632
918898
934744
982056
990992
8761
8818
18539
18818
18853
18892
18939
18953
19466
19541
20397
20426
20563
20658
21300
21319
21365
22259
22479
22481
22504
22759
22839
22890
23767
23960
24509
24633
24711
30943
34034
35513
35761
37330
37477
41695
43030
43640
44731
46052
46479
46789
47024
50339
54077
54089
56469
56565
59912
60084
60828
60945
62595
64504
65428
65818
66631
66667
67240
67806
68267
68467
68659
68898
69633
72183
72456
73025
73189
74077
74234
74326
75106
76873
77353
77779
78610
79011
79749
80036
80060
80095
82252
82352
82727
83155
83346
83421
83674
83898
84084
84085
84264
84575
84856
84988
85454
85466
85550
85840
85974
86065
87211
87591
87613
87942
89068
89561
90359
91474
91544
91686
91932
92043
93049
93212
93797
93998
94178
94408
95210
97274
98771
99553
100342
100666
101368
102795
104108
104689
106120
107240
108192
108411
110321
113903
114138
114456
114798
114892
115303
124626
126010
128960
130497
130695
130778
130894
131939
132035
132313
132731
133785
136287
136526
137034
137151
137320
139477
142535
144792
144797
145139
145236
145431
145521
145525
145825
146067
146575
147410
148449
149153
149307
149685
150125
150317
150880
153605
153928
156889
158316
159386
159425
160774
162182
162434
162662
163562
163603
167718
168267
169422
169962
170730
170987
171597
172094
185086
185290
185355
203638
204596
208737
208761
209068
209152
228367
230219
230935
232288
233913
236652
236674
238340
240729
242028
242314
242742
243163
253414
255059
259129
259199
259553
262158
268731
271164
274249
275435
278399
284135
292236
293687
299649
304986
306015
306016
307519
316540
317024
317728
317911
318663
319155
319748
320185
325389
332245
335894
349403
350406
352177
353200
355736
357178
357794
364403
368543
368675
368915
371624
372024
372755
373077
376271
376297
377189
377921
380870
383087
388354
389957
393490
416473
13774
15763
15844
16815
17443
19022
19171
19782
20679
21112
21430
23357
23870
24059
24707
25471
25800
25905
25976
26371
26596
26648
26792
27023
27138
27470
27806
27995
28220
28808
28930
28949
29008
29018
29255
29306
29644
29710
30007
30222
30414
30531
30702
31002
31140
31289
31319
31406
31585
32054
32993
33776
33831
34238
34272
34448
34567
34679
34904
35373
35489
35619
35777
36258
36292
36375
36533
36546
36643
36664
36940
37001
37162
37484
37697
37946
38913
39195
39333
39796
40003
40195
40517
40655
42956
43277
43478
44891
45772
46249
46466
46504
46624
46658
46728
46774
46917
46998
47268
47526
48691
49123
50987
51267
51809
51834
51885
52649
52795
52830
52954
52993
53601
62405
64271
64570
65200
65470
66055
66211
66298
66583
66910
67106
68030
68072
68149
69400
71006
71920
71981
72144
72759
74396
74957
75160
75781
76203
76437
78834
79770
81361
81863
81965
82026
82760
82924
83317
83689
83925
84420
84490
84769
85220
85820
85940
86693
90260
90926
90955
91246
91717
92514
93169
96017
96818
97202
97553
97936
98688
98936
99070
99252
99409
99713
101298
101568
101584
102939
103423
103874
105586
106002
106391
106618
109252
111293
114296
116312
117412
117570
118205
119415
120913
122879
123410
123486
123988
124618
124726
126341
126590
130038
131228
132270
141260
143364
144637
144699
144781
146061
146994
147243
147537
148211
151164
152611
154458
155061
155906
156736
157700
157950
158009
158558
158701
158774
159032
159265
160918
161408
162361
162560
165005
167385
168583
169348
169504
169700
170585
170863
170942
171513
171851
173392
174685
174788
175393
176349
178482
180661
181742
182323
183057
188326
199248
199570
200926
204095
204116
204277
205169
205845
206997
207522
207882
208107
209336
210889
213381
214085
216631
216634
216754
216994
217242
218469
218702
220051
220228
220354
220465
220663
221578
226512
226914
227328
227367
228782
229026
232118
234875
234894
236017
237554
237990
245701
251007
254967
256075
256108
261356
261507
262002
263053
263750
264124
265566
266081
268664
269041
269485
271533
280146
282491
282767
285589
289614
291877
293402
295202
299206
340345
341688
341739
342337
342737
344677
371617
372509
374753
375115
375512
377465
381994
383626
383827
392238
393903
396202
396772
397637
402233
405753
407591
408643
411915
411937
412680
419695
423789
425965
426528
427601
430839
430965
431498
435260
442672
515693
524506
528996
532331
532507
569434
588359
595928
603212
607751
607772
624634
625782
632452
634266
648153
651935
674404
682621
685206
696734
716752
732572
755274
758968
786126
787219
805542
823128
823161
828195
837970
854947
863793
882787
885427
885451
894378
894814
897769
904208
920524
937518
950552
952020
955702
961664
961722
976814
977727
978545
983953
1007876
1008838
1010357
1010367
1011237
1015019
1016545
1018360
1018521
1022887
1026640
1037557
1045457
1049577
1056670
1077060
1087443
1087525
1108454
1143218
1154268
1177949
1224915
1228460
1238084
1254603
1258594
1269013
1288547
1321861
1322646
1358527
1360138
1372048
1376315
1380197
1406291
1406337
1470167
1477134
1497996
1516429
1523266
1537555
1558246
1619759
1639858
1642140
1674197
1719500
1867913
1921021
1937939
1946064
1960231
1975264
10458
10471
11224
11374
11392
11655
30436
30811
30870
35574
36394
36612
37284
37516
37551
37589
37744
37751
37816
37861
37976
39017
39024
39457
39580
40496
42584
43971
44181
44244
44861
44928
45097
45109
45159
46106
46322
47007
48499
48660
50234
50426
50655
52459
52623
52693
52967
53101
53959
54373
54913
54957
55003
56204
56732
57408
57561
57836
58561
58717
58798
58925
59569
60209
60265
60503
61536
61889
62504
63445
63680
63780
66334
66687
69246
70316
70947
72326
72557
72767
73323
74021
90902
92737
93309
93377
94361
94851
95905
96166
96216
96831
97283
97340
98520
98589
99890
99971
100165
100553
100815
103082
105064
105195
106721
109431
111014
111075
111263
112158
128506
130072
133134
138532
139119
139486
139760
142227
142247
142429
145750
145853
147902
149999
151214
153036
153554
155134
156056
158693
159008
159179
159188
160048
161435
162268
164043
168408
169200
169526
170704
171339
174630
175555
179639
179936
180122
180214
180324
180650
181166
182750
189425
191391
194763
195063
200496
200776
203837
205092
207983
208067
208373
211115
212498
215272
216874
218637
219867
221002
222397
223178
229689
230782
230848
231048
231661
234316
236809
239908
240142
246835
255104
262530
265325
267845
274276
278455
278959
279138
279477
281779
283258
288989
296971
298305
298879
302117
302411
304659
307373
315450
335637
336154
336418
339896
340507
342921
350925
351475
356464
357060
357204
363353
364494
367280
381889
385955
395738
396252
396412
397156
397300
399714
400685
405463
411364
413597
415622
416265
419041
424356
429786
433101
437652
468203
468497
471888
476345
479469
2959
3127
4037
6323
6343
6368
6479
6541
7509
7517
7673
7686
10694
11139
11961
12766
12987
13535
13670
13840
14056
14186
14198
14290
14793
15601
15691
15796
15890
15946
15977
16338
17791
18176
18472
18884
19392
19467
20635
21800
21939
21986
22025
22655
23251
23714
23993
24238
24262
24607
25682
26695
27045
27186
27289
28257
28637
29515
30067
30475
30682
31670
32655
33221
34909
35122
35264
35645
36514
36563
37246
37292
37470
39198
42416
46314
48425
48503
49021
49674
51062
51203
51344
52537
52690
54747
59802
59866
60215
62078
64115
66396
67562
68545
68662
68777
69513
71622
71694
71799
73260
73647
74172
74543
75259
76967
78710
79602
79916
85337
87101
87203
88538
93062
93445
99606
99983
100006
100111
101932
102144
102303
104347
106358
107028
111397
111662
111977
112011
112069
116539
119563
121350
122316
123426
125071
125558
131719
135383
136844
139316
140816
141471
141693
144569
146969
158235
160675
165850
167409
167802
168675
171614
171761
172449
173631
177770
179000
182396
182553
190488
190640
190843
191162
191444
191571
191758
192461
192512
192824
193227
201562
204242
204293
205125
205608
208555
217090
217460
217751
217943
217991
219874
220313
220919
223101
224007
225059
225387
226315
227148
227638
229623
229886
230771
232660
235712
235810
237218
239179
252774
253841
256019
256254
258340
261423
261619
261678
263480
264793
267520
269785
272676
275148
275501
277872
287479
287763
292788
294031
294285
294326
296447
302170
312869
313805
315481
315583
318998
321755
325061
328091
339040
339496
339835
344436
345802
346453
350215
353898
354581
355570
361931
366297
370500
382174
385199
387745
388790
391615
418939
419907
420787
421207
422339
422820
424969
425049
425661
428473
430651
430787
433373
450384
451813
455012
455528
457288
457567
459255
469052
474692
479200
480464
487262
7760
7780
7819
8084
8226
8242
8293
8354
8383
8594
8698
8825
8843
8869
9090
9347
9417
9617
9705
9895
10638
11264
11271
11381
12390
12781
13005
13182
13360
13518
13911
14307
14340
14672
14731
15143
15424
15581
15683
15964
16053
16147
16657
16841
17210
17747
17856
19188
19635
20233
20897
21734
22085
22609
22674
22815
23263
23393
23607
23611
23758
23879
23958
23999
24204
24319
24522
24646
24945
25467
26083
26309
26893
27627
27925
30296
30837
31060
32453
33113
33257
33618
34353
34673
35349
35563
36032
36218
36253
37098
37892
38018
38683
40361
42021
44847
45422
46029
47688
48068
48716
48791
48859
49302
49889
50954
52039
52041
52238
53710
54182
54395
54981
55079
55225
55763
55777
55997
56441
56627
56972
57861
58094
58369
58608
58733
58855
59035
59212
62079
62895
63037
63133
63145
63595
64488
64788
64954
65098
65285
66702
67735
68082
69745
69874
69939
69997
70099
70177
70554
70668
71095
71399
71501
76080
76172
76306
76478
81819
82513
85478
87241
88703
89076
89126
89360
89550
91105
91327
91845
91976
95496
95535
95641
95665
95720
96264
98240
99530
99768
100061
104166
104621
107581
107775
107972
109133
113738
113813
114675
116028
116076
116323
116465
117661
117706
118966
121639
121718
121846
125337
127557
131943
132471
132983
133003
133309
134264
134831
135342
135484
135714
136011
137162
137387
137595
137861
138488
138867
138965
143739
144269
144728
145215
147461
150645
150806
160524
160682
165228
165643
166086
166920
167744
168075
170001
172896
174119
178099
179085
182410
182751
182767
183581
184295
184700
185760
185972
187793
188003
189526
191820
193268
193346
193840
194675
195871
197051
197136
203066
203084
210899
214823
216392
217672
218201
219983
223039
224586
225457
225618
230548
231106
234120
234731
251399
257996
258965
259299
260961
21909
25051
28387
34822
35380
38623
49412
53848
63963
81719
104838
117716
120350
126104
130664
134017
148740
151713
162252
179782
181450
186085
189553
203461
203498
206031
222466
228812
243470
243678
254630
256396
259229
266938
271781
273342
274049
279792
280513
293385
305302
305705
310931
314535
316489
318240
323167
324065
324375
339250
342172
346114
347528
354400
359320
364083
378286
378450
379708
392753
395808
399439
404288
405684
412481
412541
440338
444941
446548
451765
453043
455816
456340
463576
466016
470930
474771
476765
480658
483696
485994
487301
494465
499387
500687
508360
510413
517911
519208
520555
521556
521737
525777
537487
539026
545139
545632
546568
547008
548609
549800
552336
554691
558649
563237
570123
570769
572042
578564
579134
581363
593214
594379
595984
607691
615918
638381
645903
662466
670972
685535
688363
688483
113
336
452
3979
6666
6945
10561
11112
11312
11506
11552
11967
12374
13075
13146
15231
15344
16372
17031
17077
17271
17503
17918
18190
18296
18501
18572
19914
20408
21375
21835
22684
22861
22881
23076
23376
23377
24043
24088
24912
25853
26401
26886
28381
28595
29622
30418
30545
32613
33041
33071
33120
33521
33603
33906
36210
36336
36708
37726
38793
39148
39328
40570
42551
44270
45312
45793
46146
46910
47043
47120
47170
47762
51445
51618
51659
53495
53695
54352
54393
54430
55366
55852
57016
58764
59270
59519
60878
61409
61593
61970
62186
62370
62659
62978
63493
63802
63911
64101
64574
65041
65842
66360
67614
70565
78891
78926
79119
79224
79342
81153
87597
92083
107592
107922
108756
109088
109645
111595
112243
114879
115703
116772
117276
121049
122068
123241
123610
123791
126054
126538
127204
128411
133695
134116
135922
136314
136417
136495
136593
137550
139655
140807
141929
141951
142806
142849
144642
146215
146360
148242
148604
148832
150515
150704
151030
151419
151548
151790
152667
154017
154025
156282
156801
157067
157123
157149
157636
157888
162744
164285
166525
169443
169524
208777
10905
10920
11113
11294
12944
12951
13035
13043
13073
13085
13183
13637
13664
13724
14578
14889
15886
15910
16038
16148
16179
16498
16642
17003
17134
17223
17616
18099
18167
18399
18923
19057
19861
20178
20205
20496
20790
21266
21645
22217
22423
24299
25059
26753
26884
27422
27771
28773
28913
29342
30147
30265
30983
31843
36113
36491
36948
44566
46002
47045
51266
51488
53580
53604
54080
55608
56403
56873
57326
58483
58743
59785
61199
61372
62483
62701
62934
65167
65873
66839
67138
67777
68291
68416
70012
70039
71836
72713
72810
73027
73100
73333
73754
74030
74126
74206
74339
75142
75505
75646
75700
75817
76009
76120
77920
78078
80735
80882
83173
83742
84648
89348
89352
90007
90639
92215
92352
92540
103214
104688
106451
107645
108741
111496
111716
114672
115708
116353
116384
118603
119667
119707
119818
120264
120655
121906
121936
122694
123606
123711
124020
124905
124990
129298
129322
129964
132513
134504
139311
140069
141091
141985
142145
142190
143191
145633
148632
152205
152900
153136
153141
154821
155257
156407
158893
160821
163951
164561
166635
166708
177302
179699
180800
183980
189653
194247
196294
197077
197536
197624
199690
200333
201635
201881
202131
202223
202762
202922
204070
206123
206508
211645
214505
215141
227965
227978
228771
229049
252253
256498
257800
258407
262422
323939
353549
354207
354991
372680
377108
398021
402654
402948
406946
416470
417751
439858
440987
443445
445699
478051
478199
478223
478226
4519
5719
5771
5791
5815
5829
5830
5878
7303
7332
8126
8163
9971
10247
10404
10539
12478
13148
14413
14679
16491
16551
16781
18201
19100
19380
19833
19884
19939
20586
20757
21141
21525
21607
22163
22336
22411
22592
22795
22832
24196
24461
24579
25104
25183
25628
25703
25741
25944
26142
26271
26774
27020
27162
27246
27885
28294
28315
30974
31190
31316
34102
34152
34924
35053
35171
35261
35373
35729
36116
36317
36458
36641
37142
39105
39849
42581
42826
44166
44252
44661
44782
45240
45246
46511
47075
48086
48167
50325
50527
51766
52573
53737
54580
54766
54817
54951
55454
55551
55847
56127
57198
59987
60450
60504
61460
61836
62706
62797
62842
62888
63028
63819
12814
12821
12908
12917
12918
18258
18264
18274
24283
25223
25436
25448
25828
25897
27863
27916
28959
33974
34367
34390
34407
35563
35707
35866
36045
36546
36553
36564
37115
37380
37406
37874
37929
39673
39910
67563
70942
71626
71690
769
779
812
944
7386
13069
14511
14626
29418
29642
29668
29801
31255
36117
36153
36844
36854
36876
38159
45270
45342
45349
45353
45406
283
773
1192
1451
2320
2815
3167
3230
3248
3292
3874
3981
4489
4559
4628
4883
4892
5198
5424
5497
5718
6137
6191
6321
6491
6579
7682
7739
8266
8490
9544
10920
11017
11300
11342
11463
11527
12006
12481
12807
13620
13862
13892
14491
15206
15358
15421
15762
15986
16408
16661
16898
17177
17252
17828
18244
18253
18559
19024
20387
20668
20711
21032
21578
21719
22127
22884
23116
23243
23496
24243
24409
24445
25323
25884
26551
26700
27201
27647
27988
29293
29714
29735
31179
31953
32629
32774
33003
33663
34159
39082
40656
43623
62000
62471
62605
62894
63103
63520
65001
68338
68691
69221
69492
69733
70852
70880
73717
73760
73819
78729
78779
80584
80972
81099
82166
82259
84026
84601
85758
86697
86942
87635
88955
92016
92381
93933
94134
96655
99150
99277
99959
100978
101764
101965
104142
104857
105637
106342
106383
106621
106911
107146
107634
107935
108597
109687
109735
109742
109819
110909
115149
116628
117445
119424
129208
129725
130220
132307
133514
134925
135012
136205
137162
137460
138992
143632
144072
145993
146052
146153
146426
148504
148957
153946
155742
155849
160033
161788
161985
162261
165891
166914
167085
169975
170018
170274
171785
171793
171983
174291
175002
176843
176930
184002
184278
189671
194662
195579
195835
195972
199145
201887
208927
212637
214927
215019
215288
216276
220897
221452
221829
223651
225177
226058
228715
239651
240654
241022
241903
242149
242510
252135
258325
264387
264479
265266
266931
268347
287129
60514
61594
61921
62593
63126
63933
66217
70090
70682
71927
72294
72597
72713
73714
74385
74795
74916
75458
75902
76669
77402
77566
77838
77888
78173
78227
78277
78426
78503
78645
80234
80453
80492
80861
82189
82816
83608
83628
83967
84027
84600
85369
85462
85486
85678
85828
86334
86438
86957
87085
87152
87220
87500
88102
88222
88471
88542
89641
90216
91683
91845
92659
93975
94354
94532
94590
96705
96748
97360
99134
99918
101674
101987
102094
103074
103156
104227
104756
104787
105040
106204
106262
106702
106911
107359
107752
108084
108930
109743
110141
110874
110875
113705
114433
114462
115777
116979
118413
118443
119787
120061
120978
121828
123991
124877
125038
126300
126451
127523
128315
128740
129186
130878
133165
135033
143177
143664
145277
146354
146671
147611
147615
147655
148395
148545
152543
152721
152789
157281
159120
159506
159653
164641
165102
165580
166105
167783
170923
171117
171239
171335
171616
171922
172329
177787
178181
180793
181269
181698
185037
187713
189267
190066
191867
192721
192764
193022
195836
195857
197203
199193
199385
200331
200340
200454
200512
200696
200713
201518
202523
209212
209877
213935
214978
216915
234142
234265
238148
239011
239099
240323
241090
249318
249585
249595
250103
258185
260592
267717
273345
279157
279980
281102
281474
284977
284989
286624
288388
288700
289072
290615
293282
295513
305889
305942
306473
306495
316443
320831
320903
321925
322773
322803
322909
367447
367573
369516
370919
371487
372567
373351
375564
377955
378185
379765
381677
382600
384506
388106
389399
394807
401150
402972
403603
403833
404748
405290
405398
406363
406628
406642
406914
407076
407095
410330
415602
419459
420086
421570
424008
431134
431219
431306
431797
433417
433724
434818
436030
441864
442503
443106
443502
443761
443859
445952
446022
446030
446552
448115
449390
451779
451802
453914
454276
455169
458968
460359
461302
462219
467102
468696
470012
470676
470938
472410
472452
474114
474361
474457
475072
475929
477479
514047
515377
523877
525062
528218
529988
532086
535587
541327
541530
541672
541734
541753
541907
544687
563875
564739
566431
574533
576008
576128
576204
580981
581108
582001
582881
587885
590604
593923
597158
597776
603880
607169
612122
614322
617025
618446
620950
621223
625931
627953
631698
636395
638894
639705
41223
41236
41247
41312
41359
41496
4913
14710
14724
14733
14827
14833
9674
17571
17580
17732
17760
17847
18410
19303
19349
19613
19890
19934
20157
20298
21322
21643
23338
23563
24649
25086
25310
25748
25844
25887
25897
25980
26520
26788
29087
29637
29721
30239
40488
40645
41184
42160
42950
43171
43244
43982
44200
44296
45770
45794
45830
46139
46511
46514
46822
47256
47585
47751
48050
49124
50437
51112
51789
51827
52183
52221
53359
53524
53604
53713
53735
54014
54215
54395
54925
54986
55211
57385
62561
62699
63798
63862
64260
64395
64446
64921
65276
65648
65769
68170
68392
68453
70458
70629
70825
70916
71165
71650
72743
73709
73915
74064
74177
74419
74537
74598
74798
76435
76522
79348
80336
80809
82524
82921
83175
83181
85393
85438
85753
86106
86198
86497
88083
88123
88289
90078
90134
90848
91016
91171
91205
92831
94341
94368
94421
94454
95811
98303
100361
101264
104924
105590
108998
109229
109826
112682
113273
114178
116185
118904
120173
121055
122570
126472
127525
127881
128135
131325
138463
143182
147466
147615
148763
149516
149665
149824
150012
153987
154327
157017
157465
168794
168989
169609
170542
170581
170847
171289
171715
175511
178261
179473
179584
180421
182228
183251
187425
190571
193908
195529
196422
197360
208510
208970
209614
213483
214938
215100
215460
215493
216395
217115
222242
222852
232851
234612
236130
239364
242162
242505
242628
243351
245744
247329
248485
249253
250311
258177
263001
266379
267388
267467
269080
269159
271135
271219
271526
271884
274899
276867
286516
286760
286951
287401
288399
288629
293193
300457
301212
303472
305034
305534
306918
307496
307582
311593
313202
317254
320727
321679
323373
324201
327177
327193
327572
327596
328430
329252
330614
348922
354704
355861
357031
362186
362578
363764
364399
366078
367665
376745
384422
386219
389309
389607
400490
405313
417110
457814
467163
521144
525158
561130
597377
609539
612489
637983
640922
649185
658895
667108
671849
685294
689884
717074
718283
723410
729405
735116
740110
758893
764903
775415
780627
786206
793325
803558
805911
818657
836392
876259
906041
910506
916992
931539
933687
938654
942503
953729
975055
975238
1008178
1014641
1049982
1055368
1058092
1058584
1079266
1082199
1097357
1125056
1127754
1129141
1182127
1198305
1208112
1215592
1224013
1226703
1228878
1240545
1241163
1245584
1269036
1273271
1275331
1280377
1295060
1295461
1318413
1319086
1323013
1326922
1363692
1370607
1372977
1396727
1412368
1418415
1418528
1425583
1430636
1448683
1453236
1467072
1472896
1472904
1512362
1519730
1559477
1561092
1584010
1629788
1633831
1644211
1695390
1723565
1725882
16056
16159
16210
16226
16250
16388
16420
16538
16644
17004
17281
17351
17468
17953
18385
18711
18783
18911
19067
19267
19627
20420
20622
21733
21763
21860
22178
22439
22858
24107
24420
25228
25273
26186
26877
27089
27213
28078
28464
29090
29120
31333
31456
32575
32984
32996
33121
33297
33498
35353
35695
36365
36431
37212
37801
38444
38604
39275
40055
40981
41281
41519
42078
42502
43334
43520
43764
43907
44191
45087
45553
46292
46759
47103
47937
48153
48224
48749
49022
49030
50141
50932
52867
54301
54640
54998
55477
55637
56991
57706
58948
59353
61511
62424
62523
62706
62925
63230
63271
63637
64002
64788
65190
65623
67323
69268
71250
71574
72018
72075
72165
72782
73475
74660
75108
76322
76585
77483
78346
78528
78648
79037
79160
79556
79667
79926
80208
80523
80727
80901
82075
82690
83263
83608
84869
84928
84978
85259
85421
85503
86817
87884
88137
88565
88717
88807
88997
89113
89965
89995
90427
90479
90810
90860
91876
92474
92723
94307
94361
94511
94748
97531
98544
98837
101907
102865
103684
104061
104121
104292
104699
105050
106755
106790
107103
107118
108452
109138
111219
125106
125661
125878
126346
127641
129739
129755
135828
136421
138691
139545
139616
139731
139764
140115
140205
140345
140385
140469
140595
141328
143734
143899
144546
144983
145044
150901
151096
151118
152606
153585
153684
156988
158431
158598
158742
159074
159444
160361
161243
162014
162407
162539
162888
165519
167955
170088
173573
177785
177882
178275
178707
179082
179141
183831
186654
186694
187096
187319
187884
187936
189450
189588
191212
192451
192862
193350
193392
195233
200118
200125
201934
202054
203698
204857
211846
213355
216975
217651
220120
220392
223302
223803
224634
230870
231101
236317
243749
245595
248668
249468
252078
255403
255777
274241
275929
277524
278450
278949
281179
284484
286667
288778
294612
298657
309195
309365
309443
314318
314582
314601
315010
315619
318527
319628
320171
324461
331553
339058
341827
346270
353051
353395
353528
357731
361322
362376
363534
364642
364826
367882
368081
368730
376013
377739
384754
387630
388739
390010
394190
394358
394495
394725
394885
396253
396336
785
915
1021
1031
1050
1066
1086
2988
3020
3114
17705
17745
19820
20224
20396
20538
22833
23964
24728
25170
25174
25315
26433
27207
28336
28517
29449
29531
29750
29901
29986
30034
30596
30749
30867
31568
32624
32719
32726
32745
32805
32827
33092
33211
36018
36636
36838
36943
36972
37121
37390
37843
38124
38778
38876
39768
39896
40015
40154
40312
40424
40474
40573
40734
41420
41483
41549
43049
43098
44374
45066
45093
45385
46460
46768
47056
47333
48085
48463
55929
56068
56309
56393
57250
57490
57855
57956
58323
58350
58928
59002
59591
59914
60628
61078
62013
64090
64510
67310
68066
69982
70823
72706
74283
74978
75344
77247
79901
80594
80672
80698
80772
81503
82472
82482
83137
83515
84911
86862
86994
87668
88488
88586
89064
90684
90711
91050
93184
93450
93706
94280
94541
96052
97451
99510
99773
109319
109488
109489
111905
112221
112778
113728
113944
114202
114562
116187
116373
116804
117033
120241
123405
125943
126729
126884
127383
128130
128280
128564
128664
132483
133158
134531
135866
136078
136304
137038
140475
140899
141594
142158
149409
150274
153117
153168
153532
154332
156860
158029
159234
159518
162316
167509
168684
169488
174088
182556
182845
183619
187287
189608
189667
190065
190915
191905
192838
204718
205805
217213
217354
220230
223676
228554
232647
233227
233804
237937
238963
239187
242893
244196
244515
246168
255341
259040
259973
262476
264863
269109
269300
272202
272676
273392
273703
274281
274988
287751
296508
297106
298911
306665
327048
339165
339597
346767
348959
352255
355879
370509
370890
372270
381193
382034
386392
395219
404685
409236
429190
432059
434076
434395
437541
437947
447427
452721
456635
462701
468458
472169
472652
474664
475774
478417
479531
482169
485284
499281
508618
536753
539657
570230
571794
586732
588562
602218
612588
616712
650239
651161
651296
667668
669719
681999
683034
684492
685194
687389
688022
697056
710167
715812
720344
730800
759308
790723
791987
824429
846388
884374
888389
893409
896449
937856
947318
989809
1004719
1014644
1021929
1037518
1038746
1042617
1042886
1046695
1059828
1081580
1086872
1093270
1095201
1097373
1113068
1113199
1114492
1115779
1117784
1121318
1126627
1184267
1260563
1267355
1278197
1293094
1317334
1319780
1326286
1391079
1395345
1401396
1403364
1408986
1416270
1422198
1426174
1486832
1571776
1582676
1587591
1592628
1593118
1597023
1628081
1649568
1682605
1685845
1713841
1722152
1741294
1745040
1754829
1781032
1790416
1810310
1830088
1830805
1841189
1882016
1906557
1952252
1952877
1963719
1974134
1976312
1989906
2018311
2055934
2058147
2060564
2061969
2069350
2076828
2088506
2089295
2092853
2102751
2111774
2112043
2125584
2129921
2133069
2138896
2150948
2153596
2155136
2158979
2158997
2163093
2174623
2201775
2228137
2275968
2297485
2299682
2310839
2313554
2316867
2346280
2349852
2350680
2358254
2371391
2378969
2384817
2394030
1402
1512
1545
1546
2046
2161
2229
2308
2457
2727
2816
2826
2830
2833
3016
3042
3047
3484
3715
3863
4237
4305
2467
2526
17231
17354
17376
18416
18441
18634
18689
18860
18900
19108
19118
19123
19357
19391
19521
19562
19682
19932
20376
20430
20517
22648
23320
23341
23468
23482
23809
24710
24907
25662
25683
26522
27559
27565
28745
28791
29282
29328
29439
29495
29623
30192
30722
30768
31679
31704
31794
32130
32289
32590
36269
40449
41673
42111
42583
42667
42677
42824
46365
46677
46834
47104
48825
49897
49979
50269
50346
50350
50984
51404
51605
53711
54565
54665
54691
54777
55137
55934
56299
56383
57443
58626
59446
61038
62182
62237
63357
63396
65539
65616
68039
78209
5033
5075
5118
5464
5560
5703
6613
6726
6842
6926
6999
7233
7506
7635
8715
8788
9222
9361
9634
9816
10059
10118
10342
10388
10543
11860
12647
13558
13982
14317
14612
14755
15238
15360
15415
15820
15913
16224
16253
16434
16815
17571
18042
18137
19263
19392
19404
19472
19479
20719
21013
22229
23479
23867
24499
25066
26860
27553
27994
29420
29907
29990
30858
31321
31421
31570
32262
32266
32916
33291
33694
33729
34949
35124
35608
36104
37095
37767
37814
37988
38292
38686
40467
41107
44408
46386
47296
47649
48193
48344
48587
50997
51998
52046
52514
53912
53956
54145
54315
55446
55533
55708
55830
55902
56071
58024
58247
59211
59648
60237
61342
62020
62551
62572
62851
63360
63759
65528
66909
68153
68317
88396
88562
89901
90818
93431
93497
93757
94375
94767
97194
97726
97817
103130
103830
104023
104617
105970
109354
110235
110446
116415
118290
119527
119640
119979
120471
120633
123802
123950
124681
124951
125140
125192
125653
126642
128912
129181
129390
135441
136297
138672
140051
140606
140625
147226
148607
149834
150611
151809
152639
152931
154136
154595
156566
157861
158030
158308
159673
160449
168093
168604
168914
169303
169812
169994
171938
173582
174287
174560
174870
177531
179719
180388
180565
180607
180793
180996
183308
184222
185352
187291
187853
188346
190648
191567
193464
193476
194626
195717
196117
196853
199692
200296
201626
211159
214694
215328
216253
216785
216955
218216
218615
219404
222826
223084
223864
229056
229495
233581
233734
234007
234166
236580
237593
238734
239279
239822
239976
240326
240374
241428
245004
246262
248064
250020
252588
253405
253487
253568
254526
254643
255180
255939
257343
258156
258323
265567
266296
269177
269538
278652
281242
281247
281308
286802
292499
294674
295550
296221
297056
297750
303690
319542
322414
334110
335900
340115
341908
342137
342989
345779
346426
347663
348891
350256
350298
352358
352481
353754
355868
367193
367952
368036
372066
373113
376248
376266
382201
382487
382856
383563
384687
386451
386816
391684
392338
394140
394403
394799
396266
399956
400781
401742
401947
402183
413100
459644
492174
522508
524880
539472
551670
1225
7079
7619
7710
10609
12606
13267
14481
14939
17742
20126
21121
27465
31422
31454
34076
34291
35103
36122
36938
38740
39738
39808
51965
52094
59510
60982
62565
62581
62614
66095
75017
76322
76455
78770
83420
89360
90130
96960
97143
98036
103412
106072
109373
112689
118553
118561
129225
129464
129785
130882
133146
143753
147233
147925
158724
174113
179643
187095
194770
197731
200752
203593
217288
233036
233930
245639
249155
269513
275671
323622
331002
344641
358562
371503
375558
426232
432525
480078
504784
505444
505704
506002
506401
507070
507096
507759
508422
509496
509859
510490
510755
511610
511809
512164
512888
513558
513707
515231
515260
515538
516218
516561
516670
516869
516993
517599
518471
519582
520717
522616
522655
523181
524749
524791
525534
526094
526830
528191
529327
530320
530633
530727
530814
531884
536028
540522
542398
543045
543454
543765
547853
554438
557672
560233
560631
562924
568316
568630
571943
572287
572565
575653
575789
578535
579466
579480
579974
581065
581437
584015
584297
586536
586831
588297
589122
589221
589587
591671
600923
602859
602973
607095
612148
613028
614691
615560
615626
615695
616218
616293
617158
620380
629970
630406
633279
637383
638237
639760
640192
641811
644008
644556
645549
649603
650355
650832
655149
656755
664227
665218
666741
668264
675091
675826
676357
676472
683822
684412
684761
688511
693477
695087
704070
710426
723623
724826
729685
733949
735990
737926
738992
741108
742354
746581
749863
751929
768828
770365
779373
812004
814870
822977
828677
839943
841679
843676
851638
851683
851901
852068
854980
855225
856144
860221
861157
865435
865469
869685
871108
896580
898461
906068
907502
908982
912883
913434
955416
965623
970678
977791
978080
989885
992220
997487
1013432
1038814
1040520
1050302
1058536
1086782
1096349
1100846
1130991
1132412
1166928
1184888
1186206
1187510
1204228
1213856
1231576
1251843
1263982
1264203
1264688
1267602
1269721
1276566
1279140
1279342
1287139
1287647
1330978
1331644
1336708
1344557
1351808
1358717
1359038
1360259
1368116
1388473
1425150
1427913
1432885
1438103
1441255
1442159
1452398
1454091
1464074
1468051
1469789
1476513
1479181
1479351
1479608
1479748
1485110
1490725
1491084
1495461
1495541
1496008
1503350
1826897
1872254
2002576
2005314
2093578
2109240
2127519
2143451
2218493
2233915
2262492
2309383
2381767
2410744
2430257
2435206
2444098
2460210
2476952
2504956
2525042
2532358
2561307
2575265
2661457
2690315
2720017
2733337
2757177
2774601
2793512
2796671
2851092
2863469
2880480
2880793
2890355
2892110
2898857
2924399
2934331
2975137
2975545
2983471
3004323
3008041
3015758
3046066
3051445
3053746
3054589
3055876
3057718
3057854
3059111
3065315
3066176
3072716
3074992
3078763
3078821
3097141
3102709
3103141
3105025
3105115
3109515
3113259
3114179
3130326
3142425
3145526
3156670
3158022
3163733
3170096
3173410
3177909
3193708
3196273
3213262
3258208
3260302
3281354
3308634
3311508
3319960
3335794
3336131
3363108
3376613
3426648
3438735
3455398
3455576
3466831
3492661
3511191
3517570
3526183
3531656
3532525
3551554
3558788
3559030
3559782
3578753
3581483
3592079
3620638
3626408
3626936
3629879
3646645
3648557
3701386
3702159
3707904
3716281
3718050
3722130
3725335
3746005
3749627
3781914
3783103
3791874
3799272
3803372
3805246
3815946
3819061
3821871
3821960
3827957
3828676
3835978
3837057
3943021
3950458
3981121
15578
15631
15812
15983
16094
23043
24624
24630
24976
24987
25636
25705
26657
28507
28583
30066
30075
31268
31778
31827
31866
32928
33087
33123
34467
34734
34800
42310
42324
42396
42450
42569
44481
44725
44800
44848
45761
46371
46617
46960
58111
69098
71955
72433
72466
73410
76493
78601
78700
79573
81744
82848
83487
83745
84699
84909
85492
87948
89405
90308
90455
90727
95684
97052
97714
100223
102561
102565
102909
105268
106514
108176
109009
110156
110703
111041
111760
112527
114443
114632
114934
115553
119783
120251
120570
120951
121704
122270
122566
124317
126533
126559
126833
127196
127643
128193
128663
128693
128870
134329
134464
135196
135296
135468
136320
137325
139463
140425
140955
142031
142624
142782
143010
147006
147193
147490
148415
149441
150022
150037
150205
150785
152148
152468
159888
161573
162988
164980
165164
166498
166576
166815
169666
172012
173386
183858
184577
185516
185757
188670
189482
189912
190849
191767
192922
193566
193868
195345
195357
195971
196674
205039
205453
205483
205872
211237
212424
212988
214726
217000
217537
217678
217976
220493
220709
221873
222121
222533
222807
224140
224342
225907
227649
227720
229256
230431
232811
236222
237023
238868
244693
245404
249981
251174
253436
253698
253993
258079
264775
2616
2780
3031
3037
6085
6177
6265
13263
13344
13408
29588
30067
30279
33048
35760
36042
38714
39175
39668
40831
43078
43993
44657
51359
51480
52201
52624
54956
55471
56119
56415
58453
61397
61496
64083
64936
65761
66882
68876
73510
73871
76093
90978
93361
95376
98375
99074
99469
99480
99799
101455
103932
104193
110011
113457
114676
118971
119025
119074
126297
126417
126733
127918
131903
133060
133296
134015
136438
138169
138212
146002
155741
189065
200341
201959
204527
204861
206429
213096
213431
214305
215559
218649
219291
220591
221503
224828
227540
227585
232479
238665
240214
241649
246421
248678
249328
250698
251742
253598
253956
254000
254096
255229
258654
261134
264361
265313
266489
266918
270700
270971
272310
273203
277143
280338
283125
289832
289923
292186
292224
292249
293299
295361
300632
301005
302249
308721
309596
312052
313996
321698
324332
324469
324928
325117
325274
325700
330320
333307
334703
335279
335610
337172
337256
337334
337536
341164
344826
351073
356284
356814
357306
366364
368458
6249
6341
4049
4086
4094
4146
4289
4609
4647
4729
4833
4881
5781
5804
5932
5937
128
550
555
12244
12347
12356
13684
13709
13758
13815
13831
13841
13918
14458
279
462
529
570
816
895
952
992
1097
1144
1150
1178
1408
2006
2028
2068
2074
2091
2155
2221
2382
5851
5872
5881
5897
5942
5943
13356
13357
438
566
2169
807
809
184
219
664
784
799
3028
5469
5567
2412
2418
2501
2127
1012
1020
1049
1142
1177
1187
1270
1282
1307
2045
2078
2120
2169
2175
2268
2396
264
648
670
1095
1221
1229
1406
1407
1582
1945
1948
2004
1863
87
249
289
329
330
419
601
743
793
804
1331
1418
1508
1517
1589
1598
1680
1748
1750
745
1411
1036
1102
252
1151
1298
1486
1256
11346
33217
33267
33304
33319
33445
33467
33469
33479
33492
33587
33802
33829
33979
34147
34400
34513
34536
34914
35047
35269
35641
36091
36401
37060
37390
37646
38210
38265
38342
38358
39636
40085
40178
40270
40326
40435
40724
41098
41235
41395
41412
41816
43517
43733
43988
44622
44673
44823
45207
45296
45525
45556
45733
45779
46001
46046
46215
46322
47671
49086
49776
50530
51171
51506
52311
52569
52684
52882
53863
53995
56845
57624
57747
58657
58781
59989
59992
60216
60442
60620
60798
60975
61719
62748
62930
63062
64064
64248
65536
66073
66142
67584
68342
68419
69107
69145
69653
70611
71700
71832
71981
72443
73780
75614
75873
77231
77793
77976
79079
79099
79228
79360
79482
82903
84016
84100
84876
84954
85005
85050
85140
85309
85372
85645
91284
95196
95254
97445
98009
99407
99453
99759
103122
104540
104796
104835
105722
106229
106405
106516
107420
108361
109463
110312
111304
111463
111586
114788
115069
115204
115307
115720
116048
116360
116471
116528
116693
116828
116870
116960
117065
117686
119031
119245
119319
119811
119847
120472
120864
121451
121909
123970
125016
125215
125779
126688
127884
130591
135655
135789
136398
136842
140732
140753
141436
141727
144379
144765
145989
146117
146135
149791
151744
152960
153864
154105
156404
172513
174588
177569
177887
187293
190526
190564
190763
190864
191303
191471
191595
191890
193290
195925
205923
208900
209786
212063
212687
216634
218625
219212
225875
226034
226402
231104
242368
257957
258263
258656
259968
262482
263419
267182
270351
273443
274325
284664
291602
292351
293519
295035
305267
306104
306539
308875
309192
312472
312509
314493
315730
320244
323466
323708
327991
331482
331566
331636
336444
342440
350388
361295
362533
368574
372092
374145
374756
376125
378307
378624
379138
399640
447472
452678
459948
462711
464559
464598
467777
468003
468168
468966
469342
479504
490032
505877
511605
527037
527629
568881
586506
620213
680759
698699
714239
715644
715992
735361
735401
739052
750265
757884
778494
782661
783725
783761
792346
815405
853110
876826
906015
911516
912604
914238
915983
929913
934068
935593
935633
936272
937973
938195
939907
942362
943810
988084
991142
994344
1000555
1004333
1009412
1016365
1018217
1020083
1021892
1023175
1028688
1041382
1048622
1075127
1082852
1103395
1105415
1108370
1123664
1137131
1141495
1147340
1150493
1153588
1165438
1167758
1200395
1201562
1211578
1222657
1229969
1233795
1256740
1261050
1261150
1261430
1277271
1289236
1335742
1352869
1353367
1355678
1357164
1365290
1382024
1383591
1384781
1389886
1401792
1408049
1433096
1453106
1457605
1500323
1500751
1508342
1530067
1567832
1571571
1593973
1603839
1628099
1676186
1687125
1707269
1721910
1727428
1739815
1755401
1802542
1811184
1818629
1863227
1891580
2004129
2047562
2075558
2132056
2150168
2150395
2166691
2167244
2222001
2226094
2228789
2270099
2333704
2338865
2349271
2356014
2379625
2390015
2396888
2412258
2424895
2430504
2430836
2432308
2434638
2475777
2487978
2488135
2504860
2535328
2540895
2564320
2567053
2586945
2600227
2606615
2640553
2641655
2654594
2657390
2657939
2676584
2678855
2679698
2684140
2707573
2710530
2721370
2721559
2731154
2732636
2734886
2747872
2750185
2752855
2757288
2758641
2758714
2763162
2773887
2778455
2782652
2785026
2785095
2785984
2788469
2790626
2792507
2820942
2825902
2828553
2833130
2845238
2878073
2915749
2965511
2966971
2988537
3054550
3059866
3086341
3112047
3113522
3143149
3149509
3153746
3177871
3182705
3189940
3204481
3216615
3224266
3227306
3227536
3228779
3256839
3281908
3282125
3290167
3294756
3295807
3313729
3314024
3318591
3318952
3354265
3377107
3381966
3416786
3434116
909
242
610
738
790
731
732
782
861
901
961
964
983
1035
1037
74
357
367
723
742
356
462
10439
10455
10557
10797
10847
10879
10887
430
462
779
1730
29474
30255
30267
30298
30402
30678
30985
31234
31264
31760
32070
32092
32239
32452
32541
32689
32794
33628
33717
33815
34047
34103
34133
34852
35294
35361
35528
35692
35731
35756
36185
36217
36457
36769
37174
37264
37327
37494
37569
38517
43133
43204
43248
43494
43536
43817
43879
44555
44588
44672
45415
45512
46123
46217
48354
49024
49613
51115
51760
52302
52766
52843
54015
55899
56241
56733
57244
58347
58630
59619
60028
60266
60766
61619
61684
61900
62224
62533
62665
63454
63568
63634
63754
63766
64573
65130
65358
65400
65664
65898
67634
68070
68193
68615
72213
74888
75831
77374
77455
82391
84738
84785
85818
86609
89803
89948
90300
90951
91417
92123
94209
102014
105116
108894
113005
113315
120730
121147
122228
122976
123985
145174
146621
149653
150409
152121
157588
159926
175067
175753
178472
185574
186894
189882
191271
191363
193954
194571
195023
195496
196028
196328
196617
202427
208167
213246
213808
213840
214660
218458
222276
226135
227752
229009
229369
229605
231378
234308
234502
234740
234986
235661
235738
237156
238971
240735
242769
244463
244755
244849
247119
251059
251098
253370
254143
254435
255131
255814
255982
256877
257715
258414
260137
262299
265608
266453
267646
268929
269838
270996
280000
284354
288631
295269
296404
297112
300914
304718
327909
332890
334737
335828
338470
346014
346577
347128
350461
351663
352132
352711
358235
358403
359150
359644
360492
365540
387132
391426
409837
410509
414169
415754
417402
418424
419256
419959
420640
421057
435729
1252
10356
10456
10514
10594
10606
10651
10667
11323
11336
11378
11432
11450
11459
12361
12404
12514
12540
14870
14873
14935
23349
23380
23779
25850
26958
27151
29826
30578
33001
35518
40377
42901
43474
44388
46654
63163
63227
65803
68079
70393
78520
80138
86064
87342
87627
90484
91174
91663
91868
103587
106165
107453
107502
109110
115176
117569
121878
122203
123924
131527
137099
137942
140335
140602
145619
149925
166263
178861
178967
184884
185593
186849
186960
190279
194975
198973
203045
203146
207169
209012
214648
215437
215742
224231
225487
225689
226775
230581
233145
234178
234846
242633
254483
255047
255216
255776
262463
265595
267426
269831
272172
275227
275589
276087
284248
292899
298215
299143
302272
304639
305496
307784
314298
329680
333431
337668
341243
341980
342731
346581
348524
386129
398238
398787
399628
399780
402517
410816
412090
435727
439288
440689
455234
457970
458418
459377
459927
465482
469594
469660
470073
473749
474775
476078
477626
487719
487782
488494
490360
491793
511654
516013
520602
521813
526541
545145
547704
549696
552994
562305
576511
603255
609116
616083
621566
634369
639005
639392
641327
644035
645827
650570
682557
700118
705826
717021
722530
723261
725410
726250
727738
729776
735701
740827
744565
772884
773865
776679
781217
784679
786406
789627
791753
794919
796082
799507
806080
808119
808297
808374
809867
811353
814540
814930
818596
819289
821173
825464
829295
831441
847152
847370
847476
853305
853497
854543
857243
857891
858945
858984
860656
865882
866878
869438
872150
875931
880194
881378
884199
889591
890084
890286
893961
897645
898979
920672
920772
929519
940751
944653
947351
954512
961537
973380
976480
979093
979719
980005
981609
983906
984697
984848
984975
990461
991897
996052
996923
1002506
1004022
1004511
1004885
1009107
1010820
1012525
1012560
1024219
1025251
1028919
1029769
1030224
1030891
1036369
1036895
1045591
1049014
1049285
1050448
1051105
1051400
1053702
1053734
1054091
1054122
1056273
1057166
1069406
1077796
1080514
1082115
1093071
1095526
1097051
1097287
1106827
1112230
1115537
1116529
1118535
1124738
1134546
1134772
1136268
1137707
1148090
1158222
1172629
1184297
1184589
1194278
1209056
1214492
1216244
1226392
1259673
1261669
1263314
1263458
1266106
1270703
1276651
1283271
1287224
1304075
1312518
1313077
1329631
1340075
1342940
1347884
1349880
1351733
1354470
1356406
1365193
1373972
1378510
1381072
1381761
1392464
1398620
1402648
1406104
1440288
1549189
1550961
1551118
1608250
1624266
1666496
1678828
1699327
1749173
1836524
1846407
1853423
1921270
1962281
2031202
2044222
2052072
2071902
2138345
2167270
2214462
2219657
2230064
2400981
2430785
2472489
2632000
2716043
2736846
2752250
2820696
2826350
2832703
2849243
3126932
3136737
